 0 1.000000
 1 0.373750
 2 0.193167
 3 0.131125
 4 0.124312
 5 0.140857
 6 0.152950
 7 0.160800
 8 0.158917
 9 0.156735
 10 0.152964
 11 0.157972
 12 0.155441
 13 0.157000
 14 0.160273
 15 0.160857
 16 0.158464
 17 0.155786
 18 0.148196
 19 0.151017
 20 0.153446
 21 0.155389
 22 0.157229
 23 0.155264
 24 0.155500
 25 0.156369
 26 0.155305
 27 0.152925
 28 0.155304
 29 0.156686
 30 0.156660
 31 0.154802
 32 0.154649
 33 0.155952
 34 0.155893
 35 0.157286
 36 0.160456
 37 0.160080
 38 0.155419
 39 0.155593
