1.000000 1.095890 
1.100000 1.118409 
1.200000 1.036831 
1.300000 1.024751 
1.400000 1.000000 
1.500000 1.000000 
1.600000 1.000000 
1.700000 0.977379 
1.800000 1.000000 
1.900000 1.000000 
2.000000 0.973457 
2.100000 0.973941 
2.200000 0.909439 
2.300000 0.919424 
2.400000 0.917775 
2.500000 0.908245 
2.600000 0.887908 
2.700000 0.834838 
2.800000 0.826154 
2.900000 0.864798 
3.000000 0.824296 
3.100000 0.817403 
3.200000 0.799419 
3.300000 0.797920 
3.400000 0.796747 
3.500000 0.869011 
3.600000 0.769281 
3.700000 0.772514 
3.800000 0.774813 
3.900000 0.775563 
4.000000 0.747224 
4.100000 0.813581 
4.200000 0.800359 
4.300000 0.802160 
4.400000 0.792995 
4.500000 0.796427 
4.600000 0.773531 
4.700000 0.740974 
4.800000 0.764974 
4.900000 0.744876 
5.000000 0.788239 
