-696.000000
-696.000000
-696.000000
-696.000000
-696.000000
-696.000000
-696.000000
-696.000000
-696.000000
-696.000000
-696.000000
-696.000000
-696.000000
-696.000000
-696.000000
-696.000000
-696.000000
-696.000000
-696.000000
-694.000000
-694.000000
-694.000000
-694.000000
-694.000000
-694.000000
-694.000000
-1820.000000
-1820.000000
-1820.000000
-1818.000000
-1818.000000
-1818.000000
-1818.000000
-1822.000000
-1822.000000
-1822.000000
-1822.000000
-1822.000000
-1822.000000
-1822.000000
-1822.000000
-1820.000000
-1820.000000
-1820.000000
-1820.000000
-1820.000000
-1820.000000
-1820.000000
-1820.000000
-1818.000000
-1818.000000
-1818.000000
-1818.000000
-1818.000000
-1818.000000
-1818.000000
-1818.000000
-1818.000000
-1818.000000
-1818.000000
-1818.000000
-1818.000000
-1818.000000
-1818.000000
-1816.000000
-1816.000000
-3104.000000
-3104.000000
-3104.000000
-3104.000000
-3104.000000
-3104.000000
-3104.000000
-3104.000000
-3104.000000
-3104.000000
-3104.000000
-3104.000000
-3104.000000
-3104.000000
-3102.000000
-3102.000000
-3102.000000
-3102.000000
-3104.000000
-3104.000000
-3104.000000
-3106.000000
-3106.000000
-3108.000000
-3106.000000
-3106.000000
-632.000000
-634.000000
-634.000000
-634.000000
-634.000000
-634.000000
-632.000000
-632.000000
-632.000000
-632.000000
-632.000000
-632.000000
-632.000000
-632.000000
-632.000000
-632.000000
-632.000000
-632.000000
-632.000000
-632.000000
-632.000000
-632.000000
-632.000000
-632.000000
-632.000000
-632.000000
-634.000000
-634.000000
-634.000000
-634.000000
-634.000000
-634.000000
-634.000000
-634.000000
-634.000000
-634.000000
-632.000000
-630.000000
-1782.000000
-1782.000000
-1782.000000
-1782.000000
-1782.000000
-1782.000000
-1782.000000
-1780.000000
-1780.000000
-1780.000000
-1780.000000
-1780.000000
-1780.000000
-1780.000000
-1780.000000
-1780.000000
-1780.000000
-1780.000000
-1780.000000
-1780.000000
-1780.000000
-1780.000000
-1780.000000
-1780.000000
-1780.000000
-1782.000000
-1782.000000
-1782.000000
-1782.000000
-1782.000000
-1782.000000
-1782.000000
-686.000000
-686.000000
-686.000000
-686.000000
-686.000000
-686.000000
-686.000000
-686.000000
-682.000000
-682.000000
-682.000000
-682.000000
-682.000000
-682.000000
-684.000000
-684.000000
-684.000000
-684.000000
-684.000000
-684.000000
-684.000000
-684.000000
-684.000000
-684.000000
-684.000000
-684.000000
-684.000000
-684.000000
-684.000000
-684.000000
-684.000000
-682.000000
-682.000000
-682.000000
-682.000000
-682.000000
-682.000000
-682.000000
-1784.000000
-1784.000000
-1786.000000
-1786.000000
-1786.000000
-1786.000000
-1782.000000
-1782.000000
-1782.000000
-1784.000000
-1782.000000
-1782.000000
-1782.000000
-1782.000000
-1782.000000
-1782.000000
-1782.000000
-1782.000000
-1782.000000
-1782.000000
-1782.000000
-1782.000000
-1782.000000
-1782.000000
-1782.000000
-1782.000000
-1782.000000
-1782.000000
-1780.000000
-1780.000000
-1780.000000
-1780.000000
-1780.000000
-1780.000000
-1780.000000
-1778.000000
-1778.000000
-634.000000
-634.000000
-634.000000
-634.000000
-634.000000
-634.000000
-634.000000
-634.000000
-634.000000
-634.000000
-634.000000
-634.000000
-634.000000
-634.000000
-634.000000
-632.000000
-632.000000
-634.000000
-636.000000
-638.000000
-638.000000
-638.000000
-638.000000
-636.000000
-638.000000
-638.000000
-638.000000
-638.000000
-638.000000
-638.000000
-638.000000
-638.000000
-638.000000
-638.000000
-638.000000
-638.000000
-638.000000
-638.000000
-638.000000
-638.000000
-638.000000
-638.000000
-638.000000
-636.000000
-636.000000
-636.000000
-704.000000
-704.000000
-704.000000
-704.000000
-704.000000
-704.000000
-704.000000
-702.000000
-702.000000
-702.000000
-702.000000
-702.000000
-704.000000
-704.000000
-704.000000
-704.000000
-704.000000
-704.000000
-704.000000
-704.000000
-704.000000
-704.000000
-704.000000
-704.000000
-704.000000
-704.000000
-704.000000
-702.000000
-702.000000
-702.000000
-702.000000
-702.000000
-702.000000
-702.000000
-702.000000
-704.000000
-1762.000000
-1762.000000
-1762.000000
-1762.000000
-1764.000000
-1764.000000
-1764.000000
-1764.000000
-1764.000000
-1764.000000
-1764.000000
-1764.000000
-1764.000000
-1764.000000
-1762.000000
-1762.000000
-1762.000000
-1762.000000
-1762.000000
-1762.000000
-1762.000000
-1762.000000
-1762.000000
-1762.000000
-1762.000000
-1762.000000
-1762.000000
-1762.000000
-1762.000000
-642.000000
-644.000000
-644.000000
-644.000000
-644.000000
-644.000000
-644.000000
-644.000000
-644.000000
-642.000000
-642.000000
-642.000000
-642.000000
-642.000000
-642.000000
-640.000000
-640.000000
-640.000000
-640.000000
-640.000000
-640.000000
-640.000000
-640.000000
-640.000000
-640.000000
-640.000000
-640.000000
-640.000000
-640.000000
-640.000000
-642.000000
-642.000000
-642.000000
-642.000000
-644.000000
-646.000000
-644.000000
-644.000000
-644.000000
-1760.000000
-1760.000000
-1760.000000
-1760.000000
-1764.000000
-1764.000000
-1764.000000
-1764.000000
-1764.000000
-1764.000000
-1764.000000
-1764.000000
-1764.000000
-1764.000000
-1764.000000
-1766.000000
-1768.000000
-1768.000000
-1766.000000
-1766.000000
-1768.000000
-1768.000000
-1768.000000
-1768.000000
-1768.000000
-1768.000000
-1768.000000
-1766.000000
-1766.000000
-1766.000000
-1766.000000
-1766.000000
-1766.000000
-1766.000000
-3110.000000
-3110.000000
-3106.000000
-3106.000000
-3106.000000
-3106.000000
-3106.000000
-3106.000000
-3106.000000
-3106.000000
-3106.000000
-3106.000000
-3106.000000
-3106.000000
-3106.000000
-3106.000000
-3106.000000
-3106.000000
-3104.000000
-3104.000000
-3104.000000
-3104.000000
-3104.000000
-3104.000000
-3104.000000
-3104.000000
-3104.000000
-3104.000000
-3104.000000
-3104.000000
-3104.000000
-3104.000000
-3104.000000
-3104.000000
-3104.000000
-4530.000000
-4530.000000
-4534.000000
-4538.000000
-4538.000000
-4538.000000
-4538.000000
-4538.000000
-4538.000000
-4534.000000
-4534.000000
-4534.000000
-4534.000000
-4534.000000
-4534.000000
-4534.000000
-4534.000000
-4534.000000
-4534.000000
-4534.000000
-4534.000000
-4536.000000
-6256.000000
-6256.000000
-6256.000000
-6256.000000
-6256.000000
-6256.000000
-6256.000000
-6256.000000
-6258.000000
-6258.000000
-6258.000000
-6258.000000
-6258.000000
-6258.000000
-6258.000000
-6258.000000
-6258.000000
-6258.000000
-6258.000000
-6258.000000
-7960.000000
-7960.000000
-7960.000000
-7960.000000
-7960.000000
-7960.000000
-7960.000000
-7960.000000
-7960.000000
-7960.000000
-7960.000000
-7960.000000
-7960.000000
-7960.000000
-7960.000000
-7960.000000
-7960.000000
-7960.000000
-7960.000000
-7958.000000
-7958.000000
-7958.000000
-7958.000000
-9982.000000
-9982.000000
-9982.000000
-9982.000000
-9982.000000
-9982.000000
-9982.000000
-9982.000000
-9982.000000
-9982.000000
-9982.000000
-9982.000000
-9982.000000
-9982.000000
-9982.000000
-9982.000000
-9982.000000
-12158.000000
-12158.000000
-12158.000000
-12158.000000
-12158.000000
-12158.000000
-12162.000000
-12162.000000
-14320.000000
-14320.000000
-14320.000000
-14320.000000
-14320.000000
-14320.000000
-14320.000000
-14320.000000
-14320.000000
-14320.000000
-14320.000000
-16872.000000
-16874.000000
-16876.000000
-16874.000000
-16874.000000
-16874.000000
-16874.000000
-16874.000000
-16874.000000
-16874.000000
-16874.000000
-16874.000000
-19606.000000
-19606.000000
-19606.000000
-19606.000000
-19606.000000
-19606.000000
-710.000000
-710.000000
-710.000000
-710.000000
-708.000000
-708.000000
-708.000000
-708.000000
-708.000000
-708.000000
-708.000000
-708.000000
-708.000000
-708.000000
-708.000000
-708.000000
-708.000000
-708.000000
-708.000000
-708.000000
-708.000000
-708.000000
-708.000000
-708.000000
-708.000000
-708.000000
-708.000000
-708.000000
-708.000000
-708.000000
-708.000000
-708.000000
-708.000000
-708.000000
-708.000000
-708.000000
-708.000000
-708.000000
-708.000000
-706.000000
-706.000000
-706.000000
-706.000000
-706.000000
-706.000000
-1888.000000
-1888.000000
-1886.000000
-1888.000000
-1888.000000
-1890.000000
-1890.000000
-1890.000000
-1890.000000
-1890.000000
-1890.000000
-1890.000000
-1890.000000
-1890.000000
-1890.000000
-1890.000000
-1890.000000
-1890.000000
-1890.000000
-1890.000000
-1890.000000
-1890.000000
-1890.000000
-1890.000000
-1890.000000
-1890.000000
-1890.000000
-1890.000000
-1892.000000
-1892.000000
-1892.000000
-1892.000000
-1892.000000
-3166.000000
-3166.000000
-3166.000000
-3166.000000
-3166.000000
-3166.000000
-3166.000000
-3166.000000
-3166.000000
-3164.000000
-3164.000000
-3164.000000
-3164.000000
-3164.000000
-3164.000000
-3164.000000
-3166.000000
-3166.000000
-3166.000000
-3166.000000
-3166.000000
-3166.000000
-3164.000000
-3164.000000
-3164.000000
-3164.000000
-3164.000000
-3164.000000
-3164.000000
-3164.000000
-3164.000000
-3164.000000
-4634.000000
-4634.000000
-4634.000000
-4634.000000
-4634.000000
-4634.000000
-4634.000000
-4634.000000
-4634.000000
-4634.000000
-4634.000000
-4634.000000
-4634.000000
-4634.000000
-4634.000000
-4634.000000
-4634.000000
-4636.000000
-4636.000000
-4636.000000
-4636.000000
-4632.000000
-4632.000000
-4634.000000
-4632.000000
-6298.000000
-6298.000000
-6298.000000
-6298.000000
-6298.000000
-6298.000000
-6298.000000
-6298.000000
-6298.000000
-6298.000000
-6298.000000
-6298.000000
-6298.000000
-6298.000000
-6298.000000
-6298.000000
-6298.000000
-6296.000000
-6296.000000
-6296.000000
-6296.000000
-8020.000000
-8020.000000
-8020.000000
-8020.000000
-8020.000000
-8018.000000
-8016.000000
-8016.000000
-8016.000000
-8018.000000
-8018.000000
-8018.000000
-8018.000000
-8018.000000
-8018.000000
-8018.000000
-8018.000000
-8018.000000
-10018.000000
-10018.000000
-10018.000000
-10018.000000
-10018.000000
-10018.000000
-10018.000000
-10018.000000
-10020.000000
-10020.000000
-10018.000000
-10018.000000
-10018.000000
-10018.000000
-12146.000000
-12148.000000
-12148.000000
-12148.000000
-12148.000000
-12148.000000
-12148.000000
-12148.000000
-12148.000000
-12148.000000
-12148.000000
-14434.000000
-14434.000000
-14434.000000
-14434.000000
-14434.000000
-14434.000000
-14434.000000
-14434.000000
-14434.000000
-14434.000000
-14434.000000
-14434.000000
-14434.000000
-14434.000000
-16866.000000
-16866.000000
-16866.000000
-16866.000000
-16866.000000
-16866.000000
-16866.000000
-16866.000000
-16866.000000
-16864.000000
-16864.000000
-19614.000000
-19614.000000
-19614.000000
-19614.000000
-19614.000000
-19614.000000
-19614.000000
