0.10 -1818.000000
0.11 -1784.000000
0.12 -1804.000000
0.13 -1810.000000
0.14 -1806.000000
0.15 -1802.000000
0.16 -1792.000000
0.17 -1806.000000
0.18 -1822.000000
0.19 -1820.000000
0.20 -1824.000000
0.21 -1832.000000
0.22 -1826.000000
0.23 -1782.000000
0.24 -1824.000000
0.25 -1772.000000
0.26 -1840.000000
0.27 -1810.000000
0.28 -1834.000000
0.29 -1816.000000
0.30 -1866.000000
0.31 -1828.000000
0.32 -1848.000000
0.33 -1820.000000
0.34 -1842.000000
0.35 -1790.000000
0.36 -1884.000000
0.37 -1826.000000
0.38 -1876.000000
0.39 -1854.000000
0.40 -1890.000000
0.41 -1926.000000
0.42 -1876.000000
0.43 -1940.000000
0.44 -1950.000000
0.45 -1920.000000
0.46 -1922.000000
0.47 -1904.000000
0.48 -1954.000000
0.49 -1894.000000
0.50 -1948.000000
0.51 -1952.000000
0.52 -1960.000000
0.53 -1918.000000
0.54 -1986.000000
0.55 -1968.000000
0.56 -1906.000000
0.57 -1970.000000
0.58 -2012.000000
0.59 -1896.000000
0.60 -1946.000000
0.61 -2010.000000
0.62 -1992.000000
0.63 -2006.000000
0.64 -2004.000000
0.65 -2004.000000
0.66 -1998.000000
0.67 -1936.000000
0.68 -1950.000000
0.69 -1964.000000
0.70 -2012.000000
0.71 -1946.000000
0.72 -1966.000000
0.73 -2002.000000
0.74 -2004.000000
0.75 -1988.000000
0.76 -1976.000000
0.77 -1992.000000
0.78 -1974.000000
0.79 -1976.000000
0.80 -1960.000000
0.81 -1958.000000
0.82 -1930.000000
0.83 -2020.000000
0.84 -1980.000000
0.85 -1864.000000
0.86 -1862.000000
0.87 -2004.000000
0.88 -1918.000000
0.89 -1902.000000
0.90 -1864.000000
0.91 -1844.000000
0.92 -1890.000000
0.93 -1820.000000
0.94 -1872.000000
0.95 -1824.000000
0.96 -1822.000000
0.97 -1752.000000
0.98 -1832.000000
0.99 -1858.000000
1.00 -1810.000000
1.01 -1824.000000
1.02 -1760.000000
1.03 -1764.000000
1.04 -1814.000000
1.05 -1730.000000
1.06 -1658.000000
1.07 -1720.000000
1.08 -1758.000000
1.09 -1696.000000
1.10 -1670.000000
1.11 -1688.000000
1.12 -1706.000000
1.13 -1652.000000
1.14 -1714.000000
1.15 -1600.000000
1.16 -1666.000000
1.17 -1586.000000
1.18 -1588.000000
1.19 -1628.000000
1.20 -1574.000000
1.21 -1642.000000
1.22 -1704.000000
1.23 -1624.000000
1.24 -1600.000000
1.25 -1586.000000
1.26 -1588.000000
1.27 -1526.000000
1.28 -1482.000000
1.29 -1600.000000
1.30 -1602.000000
1.31 -1528.000000
1.32 -1588.000000
1.33 -1548.000000
1.34 -1514.000000
1.35 -1528.000000
1.36 -1504.000000
1.37 -1512.000000
1.38 -1476.000000
1.39 -1468.000000
1.40 -1454.000000
1.41 -1478.000000
1.42 -1508.000000
1.43 -1482.000000
1.44 -1442.000000
1.45 -1458.000000
1.46 -1480.000000
1.47 -1356.000000
1.48 -1428.000000
1.49 -1388.000000
1.50 -1418.000000
1.51 -1442.000000
1.52 -1402.000000
1.53 -1330.000000
1.54 -1388.000000
1.55 -1378.000000
1.56 -1424.000000
1.57 -1350.000000
1.58 -1388.000000
1.59 -1362.000000
1.60 -1368.000000
1.61 -1264.000000
1.62 -1340.000000
1.63 -1388.000000
1.64 -1324.000000
1.65 -1346.000000
1.66 -1340.000000
1.67 -1330.000000
1.68 -1236.000000
1.69 -1360.000000
1.70 -1302.000000
1.71 -1282.000000
1.72 -1314.000000
1.73 -1318.000000
1.74 -1332.000000
1.75 -1278.000000
1.76 -1286.000000
1.77 -1298.000000
1.78 -1320.000000
1.79 -1250.000000
1.80 -1214.000000
1.81 -1202.000000
1.82 -1218.000000
1.83 -1272.000000
1.84 -1180.000000
1.85 -1250.000000
1.86 -1288.000000
1.87 -1230.000000
1.88 -1228.000000
1.89 -1228.000000
1.90 -1216.000000
1.91 -1214.000000
1.92 -1190.000000
1.93 -1182.000000
1.94 -1190.000000
1.95 -1170.000000
1.96 -1210.000000
1.97 -1150.000000
1.98 -1144.000000
1.99 -1148.000000
2.00 -1264.000000
2.01 -1160.000000
2.02 -1168.000000
2.03 -1202.000000
2.04 -1182.000000
2.05 -1154.000000
2.06 -1138.000000
2.07 -1188.000000
2.08 -1098.000000
2.09 -1140.000000
2.10 -1116.000000
2.11 -1082.000000
2.12 -1158.000000
2.13 -1148.000000
2.14 -1096.000000
2.15 -1138.000000
2.16 -1194.000000
2.17 -1130.000000
2.18 -1146.000000
2.19 -1142.000000
2.20 -1082.000000
2.21 -1136.000000
2.22 -1084.000000
2.23 -1126.000000
2.24 -1102.000000
2.25 -1116.000000
2.26 -1080.000000
2.27 -1086.000000
2.28 -1052.000000
2.29 -1080.000000
2.30 -1120.000000
2.31 -1068.000000
2.32 -1114.000000
2.33 -1106.000000
2.34 -1148.000000
2.35 -1008.000000
2.36 -1138.000000
2.37 -1118.000000
2.38 -1090.000000
2.39 -1046.000000
2.40 -1108.000000
2.41 -1128.000000
2.42 -1000.000000
2.43 -1040.000000
2.44 -1092.000000
2.45 -1100.000000
2.46 -1098.000000
2.47 -1102.000000
2.48 -1064.000000
2.49 -1030.000000
2.50 -1014.000000
2.51 -1022.000000
2.52 -1056.000000
2.53 -1022.000000
2.54 -1046.000000
2.55 -1054.000000
2.56 -1002.000000
2.57 -1060.000000
2.58 -996.000000
2.59 -1016.000000
2.60 -1014.000000
2.61 -1050.000000
2.62 -1014.000000
2.63 -988.000000
2.64 -1030.000000
2.65 -1016.000000
2.66 -976.000000
2.67 -1032.000000
2.68 -1032.000000
2.69 -1018.000000
2.70 -1074.000000
2.71 -996.000000
2.72 -988.000000
2.73 -1060.000000
2.74 -968.000000
2.75 -1024.000000
2.76 -990.000000
2.77 -1010.000000
2.78 -1064.000000
2.79 -1022.000000
2.80 -1024.000000
2.81 -970.000000
2.82 -982.000000
2.83 -1028.000000
2.84 -938.000000
2.85 -990.000000
2.86 -988.000000
2.87 -937.640000
2.88 -1016.000000
2.89 -930.000000
2.90 -986.000000
2.91 -946.000000
2.92 -1014.000000
2.93 -984.000000
2.94 -1006.000000
2.95 -940.000000
2.96 -934.560000
2.97 -978.000000
2.98 -1006.000000
2.99 -952.080000
3.00 -1016.000000
3.01 -964.000000
3.02 -998.000000
3.03 -938.000000
3.04 -910.000000
3.05 -944.000000
3.06 -882.000000
3.07 -970.000000
3.08 -932.000000
3.09 -942.000000
3.10 -916.000000
3.11 -916.000000
3.12 -946.000000
3.13 -944.000000
3.14 -909.040000
3.15 -960.000000
3.16 -930.000000
3.17 -910.000000
3.18 -878.000000
3.19 -948.000000
3.20 -962.000000
3.21 -846.000000
3.22 -936.000000
3.23 -934.000000
3.24 -944.000000
3.25 -936.000000
3.26 -894.000000
3.27 -972.000000
3.28 -892.000000
3.29 -982.000000
3.30 -926.000000
3.31 -890.000000
3.32 -940.000000
3.33 -962.000000
3.34 -936.000000
3.35 -846.240000
3.36 -864.560000
3.37 -842.000000
3.38 -962.000000
3.39 -902.000000
3.40 -990.000000
3.41 -986.000000
3.42 -894.000000
3.43 -882.000000
3.44 -932.000000
3.45 -852.000000
3.46 -940.000000
3.47 -915.800000
3.48 -888.000000
3.49 -907.200000
3.50 -892.000000
3.51 -871.840000
3.52 -916.000000
3.53 -908.000000
3.54 -916.000000
3.55 -898.000000
3.56 -948.000000
3.57 -900.000000
3.58 -858.000000
3.59 -908.000000
3.60 -842.000000
3.61 -952.000000
3.62 -912.000000
3.63 -946.000000
3.64 -972.000000
3.65 -874.000000
3.66 -928.000000
3.67 -878.000000
3.68 -912.000000
3.69 -900.000000
3.70 -936.000000
3.71 -872.000000
3.72 -928.000000
3.73 -884.000000
3.74 -864.000000
3.75 -912.000000
3.76 -892.000000
3.77 -914.520000
3.78 -910.000000
3.79 -916.000000
3.80 -868.000000
3.81 -858.000000
3.82 -922.000000
3.83 -896.000000
3.84 -924.000000
3.85 -840.000000
3.86 -914.000000
3.87 -916.000000
3.88 -874.000000
3.89 -928.000000
3.90 -900.000000
3.91 -864.000000
3.92 -888.000000
3.93 -892.000000
3.94 -862.000000
3.95 -870.760000
3.96 -966.000000
3.97 -856.000000
3.98 -850.000000
3.99 -850.000000
4.00 -870.000000
4.01 -852.000000
4.02 -892.000000
4.03 -846.000000
4.04 -920.000000
4.05 -878.000000
4.06 -854.000000
4.07 -858.000000
4.08 -840.000000
4.09 -900.000000
4.10 -882.000000
4.11 -826.000000
4.12 -870.000000
4.13 -894.000000
4.14 -848.000000
4.15 -878.000000
4.16 -864.000000
4.17 -876.000000
4.18 -842.000000
4.19 -888.000000
4.20 -914.000000
4.21 -956.000000
4.22 -841.120000
4.23 -846.000000
4.24 -844.000000
4.25 -824.000000
4.26 -860.000000
4.27 -864.000000
4.28 -874.000000
4.29 -834.480000
4.30 -832.000000
4.31 -794.000000
4.32 -906.600000
4.33 -856.000000
4.34 -829.280000
4.35 -830.120000
4.36 -788.000000
4.37 -940.000000
4.38 -876.000000
4.39 -874.000000
4.40 -838.000000
4.41 -834.000000
4.42 -826.000000
4.43 -842.000000
4.44 -778.000000
4.45 -802.560000
4.46 -868.000000
4.47 -874.000000
4.48 -788.000000
4.49 -834.000000
4.50 -846.000000
4.51 -870.000000
4.52 -804.000000
4.53 -842.000000
4.54 -852.000000
4.55 -872.000000
4.56 -771.000000
4.57 -814.720000
4.58 -850.000000
4.59 -860.000000
4.60 -794.000000
4.61 -928.000000
4.62 -852.000000
4.63 -840.000000
4.64 -813.160000
4.65 -868.000000
4.66 -830.000000
4.67 -852.000000
4.68 -844.000000
4.69 -862.000000
4.70 -798.000000
4.71 -844.000000
4.72 -786.000000
4.73 -850.000000
4.74 -808.000000
4.75 -810.000000
4.76 -810.000000
4.77 -800.000000
4.78 -782.000000
4.79 -814.000000
4.80 -800.000000
4.81 -814.000000
4.82 -826.000000
4.83 -790.000000
4.84 -782.000000
4.85 -770.000000
4.86 -773.280000
4.87 -853.320000
4.88 -884.000000
4.89 -782.000000
4.90 -792.000000
4.91 -784.000000
4.92 -804.000000
4.93 -790.000000
4.94 -806.000000
4.95 -836.000000
4.96 -820.000000
4.97 -834.000000
4.98 -800.000000
4.99 -848.000000
5.00 -842.000000
