-848.000000
-850.000000
-850.000000
-850.000000
-852.000000
-852.000000
-856.000000
-856.000000
-856.000000
-856.000000
-856.000000
-858.000000
-856.000000
-852.000000
-852.000000
-852.000000
-850.000000
-850.000000
-850.000000
-846.000000
-846.000000
-844.000000
-844.000000
-844.000000
-846.000000
-846.000000
-844.000000
-842.000000
-842.000000
-840.000000
-840.000000
-842.000000
-840.000000
-838.000000
-838.000000
-836.000000
-836.000000
-836.000000
-836.000000
-836.000000
-836.000000
-836.000000
-834.000000
-836.000000
-838.000000
-838.000000
-838.000000
-842.000000
